323000

310.000

300000

200000

VỐN CHỦ SỞ HỮU

291015

285.938

280.000

3671 37131

00000

250.000

243000

370 000

360 000

500000

310.755

450.000

400000

353288

150000

300000

250000

200002

2013

2014

2015

2016

2017

Tổng Doanh thu Thuần TM- DV

110000

100000

50000

0

365.708

K

相澤

357.384

350.000

338 365

340.000

333 862

329241

330.000

320.000

310 000

2013

2014

2015

2016

2017

W

Thuế và các khoản phải nộp

TỔNG GIÁ TRỊ TẠI SÂN

372068

45848)

2011

2014

2015

2016

2017

4

70.000

62566

57879

60.000

54236

52 084

50.000

45.574

40.000

30.000

20.000

10.000

0

2013

2014

2015

2016

2017

Báo cáo thường niên năm 2017.

M

Trung 5